a=4.077596 
 b=1.054189
c=-4.495962
Estimated effort 	 actual effort
---------------------------------------------
265.558369		 240.000000
45.544143		 33.000000
34.537961		 43.000000
8.000000		 8.000000
803.718174		 1075.000000
347.037876		 423.000000
199.807472		 321.000000
223.807613		 218.000000
201.000000		 201.000000
94.319905		 79.000000
71.585314		 73.000000
57.648815		 61.000000
41.013586		 40.000000
9.782557		 9.000000
339.428643		 539.000000
323.329955		 453.000000
363.488401		 523.000000
275.536435		 387.000000
83.790695		 88.000000
166.669991		 98.000000
4.597364		 7.300000

 number of values below 25=12
 #### MARE =20.325506###
