a=3.960064 
 b=1.103581
c=-5.420986
Estimated effort 	 actual effort
---------------------------------------------
311.445866		 240.000000
50.309222		 33.000000
35.174474		 43.000000
7.929607		 8.000000
908.965903		 1075.000000
398.432435		 423.000000
223.441525		 321.000000
251.661077		 218.000000
233.117580		 201.000000
106.857539		 79.000000
72.587534		 73.000000
59.129099		 61.000000
41.727251		 40.000000
8.892637		 9.000000
407.983402		 539.000000
392.197044		 453.000000
422.296231		 523.000000
323.845008		 387.000000
90.355361		 88.000000
183.263326		 98.000000
3.748411		 7.300000

 number of values below 25=15
 #### MARE =20.971730###
