a=3.006277 
 b=1.193937
c=-0.284009
Estimated effort 	 actual effort
---------------------------------------------
339.688460		 240.000000
54.068165		 33.000000
34.646426		 43.000000
11.783632		 8.000000
917.525869		 1075.000000
416.602007		 423.000000
225.307555		 321.000000
255.547738		 218.000000
250.662889		 201.000000
113.304359		 79.000000
65.116270		 73.000000
55.131311		 61.000000
40.000000		 40.000000
11.230977		 9.000000
463.296225		 539.000000
453.000000		 453.000000
450.767824		 523.000000
354.352878		 387.000000
88.741200		 88.000000
180.314454		 98.000000
7.172275		 7.300000
5.900000		 5.900000
1007.627964		 1063.000000
555.488297		 605.000000
211.703574		 230.000000

 #### MARE =19.714575###
