46 240 1.17
16 33 0.66
4 43 2.22
6.9 8 0.4
30 423 2.39
18 321 2.38
20 218 2.38
37 201 1.12
24 79 0.85
3 73 5.86
3.9 61 3.63
3.7 40 2.81
1.9 9 1.78
48 387 1.16
9.4 88 2.04
13 98 2.81
2.14 7.3 1
1.98 5.9 0.91
50 1063 3.14
40 605 2.26
22 230 1.76
13 82 2.63
12 55 0.68
34 47 0.34
15 12 0.35
6.2 8 0.39
2.5 8 0.96
5.3 6 0.25
19.5 45 0.63
28 83 0.96
30 87 1.14
32 106 0.82
23 36 0.38
24 176 1.52
10 122 3.18
8.2 41 1.9
5.3 14 1.15
4.4 20 0.93
6.3 18 0.34
15 237 3.32
25 130 1.09
21 70 0.87
6.7 57 2.53
28 50 0.45
9.1 42 1.15
10 15 0.39


