Cluster  0 values: 
 a=0.314800 
 b=1.862067
 c=-5.062736

------------------------
Cluster  1 values: 
 a=0.079505 
 b=2.137003
 c=-3.657698

------------------------
Cluster  2 values: 
 a=4.182602 
 b=0.963337
 c=-1.449817

------------------------
no	 size            eaf      expected val     calculated val
0 	16.000000 	0.660000 	33.000000 	 31.222547
0 	18.000000 	2.380000 	321.000000 	 157.871726
0 	20.000000 	2.380000 	218.000000 	 193.188749
0 	24.000000 	0.850000 	79.000000 	 94.363083
0 	13.000000 	2.810000 	98.000000 	 99.886192
0 	22.000000 	1.760000 	230.000000 	 170.013862
0 	13.000000 	2.630000 	82.000000 	 93.163485
0 	12.000000 	0.680000 	55.000000 	 16.817461
0 	15.000000 	0.350000 	12.000000 	 12.000574
0 	19.500000 	0.630000 	45.000000 	 44.998999
0 	23.000000 	0.380000 	36.000000 	 35.999870
0 	24.000000 	1.520000 	176.000000 	 172.734023
0 	15.000000 	3.320000 	237.000000 	 156.794947
0 	25.000000 	1.090000 	130.000000 	 132.505730
0 	21.000000 	0.870000 	70.000000 	 74.299634
1 	46.000000 	1.170000 	240.000000 	 328.922033
1 	30.000000 	2.390000 	423.000000 	 268.864553
1 	37.000000 	1.120000 	201.000000 	 196.264625
1 	48.000000 	1.160000 	387.000000 	 357.475149
1 	50.000000 	3.140000 	1063.000000 	 1063.000000
1 	40.000000 	2.260000 	605.000000 	 472.890588
1 	34.000000 	0.340000 	47.000000 	 47.000000
1 	28.000000 	0.960000 	83.000000 	 90.801404
1 	30.000000 	1.140000 	87.000000 	 126.331995
1 	32.000000 	0.820000 	106.000000 	 103.670880
1 	28.000000 	0.450000 	50.000000 	 40.620006
2 	4.000000 	2.220000 	43.000000 	 33.851117
2 	6.900000 	0.400000 	8.000000 	 9.304948
2 	3.000000 	5.860000 	73.000000 	 69.177503
2 	3.900000 	3.630000 	61.000000 	 54.881199
2 	3.700000 	2.810000 	40.000000 	 40.000000
2 	1.900000 	1.780000 	9.000000 	 12.366753
2 	9.400000 	2.040000 	88.000000 	 72.430163
2 	2.140000 	1.000000 	7.300000 	 7.254734
2 	1.980000 	0.910000 	5.900000 	 5.900000
2 	6.200000 	0.390000 	8.000000 	 8.009317
2 	2.500000 	0.960000 	8.000000 	 8.256805
2 	5.300000 	0.250000 	6.000000 	 3.763430
2 	10.000000 	3.180000 	122.000000 	 120.789427
2 	8.200000 	1.900000 	41.000000 	 58.877059
2 	5.300000 	1.150000 	14.000000 	 22.531119
2 	4.400000 	0.930000 	20.000000 	 14.760491
2 	6.300000 	0.340000 	18.000000 	 6.924701
2 	6.700000 	2.530000 	57.000000 	 64.673630
2 	9.100000 	1.150000 	42.000000 	 38.916994

 #### MARE =17.465952###
